home = ( -0.0001095700563, -2.00532142, -0.03612478916, 3.169031288, 0.009883896828, -0.01083275093, -0.004623518813 );
zeroangle = ( 4.038971415, 4.335029707, 5.97638915, 5.890486225, 4.601942364, 3.850291778, 5.33518518 );
