home = ( -0.0006574203377, -2.017484666, -0.01217843271, 3.168264298, -0.01858172604, -0.06120108917, -0.005239987984 );
zeroangle = ( 4.043573357, 4.911806483, 5.784641551, 5.881282341, 4.701651115, 3.859495662, 5.388874508 );
